function dydt = pollu_ode15s_function(t,y)
%akzonobel_ode15s_function  Evaluate the POLLU problem
%
% Authors:
% Mario De Florio

% rate constants
k1 = 0.35;              k6 = 0.15*10^5;         k11 = 0.22*10^-1;       k16 = 0.35*10^-3;       k21 = 0.21*10^1;
k2 = 0.266*10^2;        k7 = 0.13*10^-3;        k12 = 0.12*10^5;        k17 = 0.175*10^-1;      k22 = 0.578*10^1;
k3 = 0.123*10^5;        k8 = 0.24*10^5;         k13 = 0.188*10^1;       k18 = 0.1*10^9;         k23 = 0.474*10^-1;
k4 = 0.86*10^-3;        k9 = 0.165*10^5;        k14 =  0.163*10^5;      k19 = 0.444*10^12;      k24 = 0.178*10^4;
k5 = 0.82*10^-3;        k10 = 0.9*10^4;         k15 = 0.48*10^7;        k20 = 0.124*10^4;       k25 = 0.312*10^1;


% reaction velocities

r1 = k1*y(1);           r6 = k6*y(7)*y(6);         r11 = k11*y(13);            r16 = k16*y(4);             r21 = k21*y(19);
r2 = k2*y(2)*y(4);     r7 = k7*y(9);               r12 = k12*y(10).*y(2);      r17 = k17*y(4);             r22 = k22*y(19);
r3 = k3*y(5)*y(2);     r8 = k8*y(9)*y(6);         r13 = k13*y(14);            r18 = k18*y(16);            r23 = k23*y(1)*y(4);
r4 = k4*y(7);           r9 = k9*y(11)*y(2);        r14 = k14*y(1)*y(6);       r19 = k19*y(16);            r24 = k24*y(19)*y(1);
r5 = k5*y(7);           r10 = k10*y(11)*y(1);      r15 = k15*y(3);             r20 = k20*y(17)*y(6);      r25 = k25*y(20);


dydt = [ -r1-r10-r14-r23-r24+r2+r3+r9+r11+r12+r22+r25 ;
         -r2-r3-r9-r12+r1+r21 ;
         -r15+r1+r17+r19+r22 ;
         -r2-r16-r17-r23+r15 ; 
         -r3+2*r4+r6+r7+r13+r20 ;
         -r6-r8-r14-r20+r3+2*r18 ;
         -r4-r5-r6+r13 ;
          r4+r5+r6+r7 ;
         -r7-r8  ;
         -r12+r7+r9 ; 
         -r9-r10+r8+r11 ; 
          r9 ;
         -r11+r10 ;
         -r13+r12  ;
          r14 ;
         -r18-r19+r16  ;
         -r20 ;
          r20 ;
         -r21-r22-r24+r23+r25  ;
         -r25+r24 ; 
          
        ];

    

    